0
0.309
0.618
0.927
1.236
1.545
1.854
2.163
2.472
2.781
3.09
3.399
3.708
4.016
4.325
4.634
4.943
5.252
5.561
5.87
6.179
6.488
6.797
7.106
7.415
7.724
8.033
8.342
8.651
8.96
9.269
9.578
9.887
10.196
10.505
10.814
11.123
11.432
11.74
12.049
12.358
12.667
12.976
13.285
13.594
13.896
14.198
14.501
14.803
15.105
15.407
15.709
16.011
16.313
16.615
16.918
17.22
17.522
17.824
18.126
18.435
18.744
19.053
19.362
19.671
19.98
20.289
20.598
20.907
21.216
21.525
21.834
22.143
22.452
22.76
22.96
23.159
23.358
23.557
23.756
23.955
24.154
24.353
24.552
24.751
24.951
25.15
25.349
25.548
25.747
25.953
26.159
26.365
26.571
26.777
26.983
27.189
27.395
27.601
27.807
28.013
28.219
28.425
28.631
28.837
29.043
29.249
29.455
29.661
29.867
30.073
30.279
30.485
30.691
30.897
31.103
31.309
31.515
31.721
31.92
32.119
32.318
32.517
32.716
32.915
33.114
33.314
33.513
33.712
33.911
34.11
34.309
34.508
34.707
34.913
35.119
35.325
35.531
35.737
35.943
36.149
36.355
36.561
36.767
36.973
37.179
37.385
37.591
37.797
38.099
38.401
38.703
39.006
39.308
39.61
39.912
40.214
40.516
40.818
41.12
41.423
41.725
42.027
42.329
42.631
42.933
43.235
43.537
43.84
44.142
44.444
44.746
45.048
45.35
45.652
45.954
46.257
46.559
46.861
47.163
47.465
47.767
48.069
48.371
48.674
48.976
49.278
49.58
49.882
50.184
50.486
50.788
51.091
51.393
51.695
51.997
52.299
52.601
52.903
53.205
53.508
53.81
54.112
54.414
54.716
55.018
55.32
55.622
55.925
55.952
55.979
56.007
56.034
56.062
56.089
56.117
56.144
56.172
56.199
56.227
56.254
56.282
56.309
56.337
56.371
56.405
56.439
56.474
56.508
56.542
56.577
56.611
56.645
56.68
56.714
56.748
56.782
56.817
56.844
56.872
56.899
56.927
56.954
56.982
57.009
57.036
57.064
57.091
57.119
57.146
57.174
57.201
57.229
57.263
57.297
57.332
57.366
57.4
57.435
57.469
57.503
57.537
57.572
57.606
57.64
57.675
57.709
57.743
57.771
57.798
57.826
57.853
57.881
57.908
57.936
57.963
57.99
58.018
58.045
58.073
58.1
58.128
58.155
58.272
58.389
58.505
58.622
58.739
58.855
58.972
59.089
59.206
59.322
59.439
59.556
59.672
59.789
59.906
60.022
60.139
60.256
60.373
60.489
60.606
60.723
60.839
60.956
61.073
61.189
61.306
61.423
61.54
61.656
61.773
61.89
62.006
62.123
62.24
62.356
62.473
62.59
62.707
62.823
62.94
63.057
63.173
63.29
63.407
63.523
63.64
63.757
63.874
63.99
64.107
64.224
64.34
64.457
64.574
64.69
64.807
64.924
65.041
65.157
65.274
65.391
65.507
65.624
65.741
65.857
65.974
66.091
66.208
66.324
66.441
66.558
66.674
66.791
66.956
67.121
67.285
67.45
67.615
67.78
67.945
68.109
68.274
68.439
68.604
68.769
68.933
69.098
69.263
69.428
69.593
69.757
69.922
70.087
70.252
70.417
70.581
70.746
70.911
71.076
71.24
71.405
71.57
71.735
71.9
72.064
72.229
72.394
72.559
72.724
72.888
73.053
73.218
73.383
73.548
73.712
73.877
74.042
74.207
74.372
74.536
74.701
74.866
75.031
75.196
75.36
75.525
75.69
75.855
76.02
76.184
76.349
76.514
76.679
76.844
77.008
77.173
77.338
77.503
77.667
77.832
77.997
78.162
78.327
78.491
78.656
78.821
78.986
79.151
79.515
79.878
80.242
80.606
80.97
81.334
81.698
82.062
82.426
82.79
83.153
83.517
83.881
84.245
84.609
84.98
85.351
85.721
86.092
86.463
86.834
87.205
87.575
87.946
88.317
88.688
89.058
89.429
89.8
90.171
90.542
90.912
91.283
91.654
92.025
92.396
92.766
93.137
93.508
93.879
94.25
94.62
94.991
95.362
95.733
96.103
96.474
96.845
97.216
97.587
97.957
98.328
98.699
99.07
99.441
99.811
100.182
100.553
100.924
101.294
101.665
102.036
102.407
102.778
103.148
103.519
103.89
104.261
104.632
105.002
105.373
105.744
106.115
106.486
106.794
107.103
107.412
107.721
108.03
108.339
108.648
108.957
109.266
109.575
109.884
110.193
110.502
110.811
111.12
111.422
111.724
112.026
112.328
112.631
112.933
113.235
113.537
113.839
114.141
114.443
114.745
115.048
115.35
115.652
115.961
116.27
116.579
116.888
117.197
117.506
117.815
118.123
118.432
118.741
119.05
119.359
119.668
119.977
120.286
120.595
120.904
121.213
121.522
121.831
122.14
122.449
122.758
123.067
123.376
123.685
123.994
124.303
124.612
124.893
124.932
124.932
124.932
124.932
124.932
124.966
124.966
124.966
124.966
124.966
124.966
124.966
124.966
125.003
125.003
125.003
125.003
125.003
125.003
125.003
125.003
125.06
125.06
125.06
125.06
125.06
125.06
125.06
125.06
125.06
125.06
125.06
125.06
125.06
125.06
125.06
125.06
125.06
125.06
125.06
125.06
125.06
125.06
125.06
125.06
125.06
125.06
125.06
125.06
125.06
125.06
125.06
125.06
125.06
125.06
125.06
125.06
125.06
125.06
125.06
125.06
125.06
125.06
125.06
125.06
125.06
125.06
125.06
125.06
125.06
125.06
125.06
125.06
125.06
125.06
125.06
125.06
125.06
125.06
125.07
125.097
125.124
125.152
125.179
125.207
125.234
125.261
125.289
125.316
125.344
125.371
125.398
125.426
125.453
125.481
125.508
125.535
125.563
125.59
125.618
125.645
125.672
125.7
125.727
125.755
125.768
125.782
125.796
125.81
125.823
125.837
125.851
125.865
125.878
125.892
125.906
125.919
125.933
125.947
125.961
125.988
126.015
126.043
126.07
126.098
126.125
126.152
126.18
126.207
126.235
126.262
126.289
126.317
126.344
126.372
126.399
126.427
126.454
126.481
126.509
126.536
126.564
126.591
126.618
126.646
126.673
126.701
126.728
127.029
127.338
127.647
127.955
128.264
128.573
128.882
129.191
129.5
129.809
130.118
130.427
130.736
131.044
131.353
131.662
131.971
132.28
132.589
132.898
133.207
133.516
133.825
134.133
134.442
134.751
135.06
135.369
135.678
135.987
136.296
136.605
136.914
137.222
137.531
137.84
138.149
138.458
138.767
139.076
139.385
139.694
140.003
140.311
140.62
140.922
141.224
141.526
141.829
142.131
142.433
142.735
143.037
143.339
143.641
143.943
144.245
144.547
144.849
145.151
145.46
145.769
146.078
146.387
146.696
147.005
147.314
147.622
147.931
148.24
148.549
148.858
149.167
149.476
149.785
149.984
150.183
150.382
150.581
150.78
150.979
151.178
151.378
151.577
151.776
151.975
152.174
152.373
152.572
152.771
152.977
153.183
153.389
153.595
153.801
154.007
154.213
154.419
154.625
154.831
155.036
155.242
155.448
155.654
155.86
156.066
156.272
156.478
156.684
156.89
157.096
157.302
157.508
157.714
157.919
158.125
158.331
158.537
158.743
158.942
159.141
159.341
159.54
159.739
159.938
160.137
160.336
160.535
160.734
160.933
161.132
161.331
161.531
161.73
161.936
162.142
162.347
162.553
162.759
162.965
163.171
163.377
163.583
163.789
163.995
164.201
164.407
164.613
164.819
165.121
165.423
165.725
166.027
166.329
166.631
166.933
167.235
167.537
167.839
168.141
168.443
168.745
169.048
169.35
169.652
169.954
170.256
170.558
170.86
171.162
171.464
171.766
172.068
172.37
172.672
172.974
173.276
173.578
173.881
174.183
174.485
174.787
175.089
175.391
175.693
175.995
176.297
176.599
176.901
177.203
177.505
177.807
178.109
178.411
178.714
179.016
179.318
179.62
179.922
180.224
180.526
180.828
181.13
181.432
181.734
182.036
182.338
182.64
182.942
182.97
182.997
183.025
183.052
183.08
183.107
183.135
183.162
183.19
183.217
183.245
183.272
183.299
183.327
183.361
183.396
183.43
183.464
183.498
183.533
183.567
183.601
183.636
183.67
183.704
183.739
183.773
183.807
183.841
183.869
183.896
183.924
183.951
183.979
184.006
184.034
184.061
184.089
184.116
184.144
184.171
184.199
184.226
184.253
184.288
184.322
184.356
184.391
184.425
184.459
184.494
184.528
184.562
184.596
184.631
184.665
184.699
184.734
184.768
184.795
184.823
184.85
184.878
184.905
184.933
184.96
184.988
185.015
185.043
185.07
185.098
185.125
185.153
185.18
185.297
185.413
185.53
185.647
185.763
185.88
185.997
186.114
186.23
186.347
186.464
186.58
186.697
186.814
186.93
187.047
187.164
187.281
187.397
187.514
187.631
187.747
187.864
187.981
188.097
188.214
188.331
188.448
188.564
188.681
188.798
188.914
189.031
189.148
189.264
189.381
189.498
189.615
189.731
189.848
189.965
190.081
190.198
190.315
190.431
190.548
190.665
190.782
190.898
191.015
191.132
191.248
191.365
191.482
191.598
191.715
191.832
191.949
192.065
192.182
192.299
192.415
192.532
192.649
192.765
192.882
192.999
193.116
193.232
193.349
193.466
193.582
193.699
193.816
193.98
194.145
194.31
194.475
194.639
194.804
194.969
195.134
195.298
195.463
195.628
195.793
195.957
196.122
196.287
196.451
196.616
196.781
196.946
197.11
197.275
197.44
197.605
197.769
197.934
198.099
198.264
198.428
198.593
198.758
198.922
199.087
199.252
199.417
199.581
199.746
199.911
200.076
200.24
200.405
200.57
200.735
200.899
201.064
201.229
201.393
201.558
201.723
201.888
202.052
202.217
202.382
202.547
202.711
202.876
203.041
203.206
203.37
203.535
203.7
203.865
204.029
204.194
204.359
204.523
204.688
204.853
205.018
205.182
205.347
205.512
205.677
205.841
206.006
206.171
206.535
206.898
207.262
207.626
207.99
208.354
208.718
209.081
209.445
209.809
210.173
210.537
210.901
211.264
211.635
212.006
212.376
212.747
213.118
213.488
213.859
214.23
214.6
214.971
215.342
215.712
216.083
216.454
216.824
217.195
217.566
217.936
218.307
218.678
219.048
219.419
219.79
220.16
220.531
220.902
221.272
221.643
222.014
222.384
222.755
223.126
223.496
223.867
224.238
224.608
224.979
225.35
225.72
226.091
226.462
226.832
227.203
227.574
227.944
228.315
228.686
229.056
229.427
229.798
230.168
230.539
230.91
231.28
231.651
232.022
232.392
232.763
233.134
233.504
233.813
234.122
234.431
234.74
235.049
235.358
235.667
235.976
236.284
236.593
236.902
237.211
237.52
237.829
238.138
238.44
238.742
239.044
239.346
239.648
239.95
240.252
240.554
240.856
241.159
241.461
241.763
242.065
242.367
242.669
242.978
243.287
243.596
243.904
244.213
244.522
244.831
245.14
245.449
245.758
246.067
246.376
246.685
246.993
247.302
247.611
247.92
248.229
248.538
248.847
249.156
249.465
249.773
250.082
250.391
250.7
251.009
251.318
251.627
251.627
251.777
252.085
252.085
252.085
252.085
252.085
252.085
252.085
252.085
252.085
252.085
252.085
252.085
252.085
252.085
252.085
252.085
252.085
252.085
252.085
252.085
252.085
252.085
252.085
252.085
252.085
252.085
252.085
252.085
252.085
252.085
252.085
252.085
252.085
252.085
252.085
252.085
252.085
252.085
252.085
252.085
252.085
252.085
252.085
252.085
252.085
252.085
252.085
252.085
252.085
252.085
252.085
252.085
252.085
252.085
252.085
252.085
252.085
252.085
252.085
252.085
252.085
252.085
252.085
252.085
252.085
252.085
252.085
252.085
252.085
252.085
252.085
252.085
252.085
252.085
252.085
252.113
252.14
252.168
252.195
252.222
252.25
252.277
252.305
252.332
252.359
252.387
252.414
252.442
252.469
252.496
252.524
252.551
252.579
252.606
252.633
252.661
252.688
252.716
252.743
252.771
252.798
252.825
252.853
252.88
252.908
252.921
252.935
252.949
252.962
252.976
252.99
253.004
253.017
253.031
253.045
253.059
253.072
253.086
253.1
253.114
253.141
253.168
253.196
253.223
253.251
253.278
253.305
253.333
253.36
253.388
253.415
253.442
253.47
253.497
253.525
253.552
253.579
253.607
253.634
253.662
253.689
253.716
253.744
253.771
253.799
253.826
253.853
253.881
254.085
254.394
254.703
255.012
255.32
255.629
255.938
256.247
256.556
256.865
257.174
257.483
257.792
258.101
258.409
258.718
259.027
259.336
259.645
259.954
260.263
260.572
260.881
261.19
261.498
261.807
262.116
262.425
262.734
263.043
263.352
263.661
263.97
264.279
264.587
264.896
265.205
265.514
265.823
266.132
266.441
266.75
267.059
267.368
267.67
267.972
268.274
268.576
268.878
269.18
269.482
269.784
270.086
270.388
270.69
270.992
271.294
271.596
271.898
272.207
272.516
272.825
273.134
273.443
273.752
274.061
274.37
274.679
274.987
275.296
275.605
275.914
276.223
276.532
276.731
276.937
277.135
277.334
277.533
277.731
277.93
278.129
278.328
278.526
278.725
278.924
279.123
279.321
279.525
279.731
279.937
280.143
280.349
280.555
280.761
280.967
281.173
281.379
281.585
281.791
281.996
282.202
282.408
282.614
282.82
283.026
283.232
283.438
283.644
283.85
284.056
284.262
284.468
284.674
284.88
285.085
285.291
285.497
285.696
285.896
286.095
286.294
286.493
286.692
286.891
287.09
287.289
287.488
287.687
287.886
288.086
288.285
288.484
288.69
288.896
289.102
289.307
289.513
289.719
289.925
290.131
290.337
290.543
290.749
290.955
291.161
291.367
291.573
291.875
292.177
292.479
292.781
293.083
293.385
293.687
293.989
294.291
294.593
294.895
295.198
295.5
295.802
296.104
296.406
296.708
297.01
297.312
297.614
297.916
298.218
298.52
298.822
299.124
299.426
299.728
300.031
300.333
300.635
300.937
301.239
301.541
301.843
302.145
302.447
302.749
303.051
303.353
303.655
303.957
304.259
304.561
304.864
305.166
305.468
305.77
306.072
306.374
306.676
306.978
307.28
307.582
307.884
308.186
308.488
308.79
309.092
309.394
309.437
309.739
310.041
310.068
310.095
310.123
310.15
310.178
310.205
310.232
310.26
310.287
310.315
310.342
310.369
310.397
310.424
310.452
310.486
310.52
310.554
310.589
310.623
310.657
310.691
310.726
310.76
310.794
310.828
310.862
310.897
310.931
310.965
310.993
311.02
311.047
311.075
311.102
311.13
311.157
311.184
311.212
311.239
311.267
311.294
311.321
311.349
311.376
311.411
311.445
311.479
311.513
311.547
311.582
311.616
311.65
311.684
311.719
311.753
311.787
311.821
311.856
311.89
311.917
311.945
311.972
312
312.027
312.054
312.082
312.109
312.137
312.164
312.191
312.219
312.246
312.274
312.39
312.507
312.623
312.74
312.856
312.973
313.089
313.206
313.322
313.439
313.555
313.672
313.788
313.905
314.021
314.138
314.254
314.371
314.487
314.604
314.72
314.837
314.953
315.07
315.186
315.303
315.419
315.536
315.653
315.769
315.886
316.002
316.119
316.235
316.352
316.468
316.585
316.701
316.818
316.934
317.051
317.167
317.284
317.4
317.517
317.633
317.75
317.866
317.983
318.099
318.216
318.332
318.449
318.565
318.682
318.798
318.915
319.031
319.148
319.265
319.381
319.498
319.614
319.731
319.847
319.964
320.08
320.197
320.313
320.43
320.546
320.663
320.779
320.896
321.012
321.177
321.341
321.506
321.67
321.835
321.999
322.164
322.328
322.493
322.657
322.822
322.986
323.151
323.315
323.48
323.644
323.809
323.973
324.138
324.302
324.467
324.631
324.796
324.96
325.125
325.289
325.453
325.618
325.782
325.947
326.111
326.276
326.44
326.605
326.769
326.934
327.098
327.263
327.427
327.592
327.756
327.921
328.085
328.25
328.414
328.579
328.743
328.908
329.072
329.237
329.401
329.566
329.73
329.895
330.059
330.224
330.388
330.553
330.717
330.882
331.046
331.211
331.375
331.54
331.704
331.869
332.033
332.198
332.362
332.527
332.691
332.856
333.213
333.577
333.941
334.305
334.669
335.032
335.396
335.76
336.124
336.488
336.852
337.215
337.579
337.943
338.314
338.684
339.055
339.426
339.796
340.167
340.538
340.908
341.279
341.65
342.02
342.391
342.762
343.132
343.503
343.874
344.244
344.615
344.986
345.356
345.727
346.098
346.468
346.839
347.21
347.58
347.951
348.322
348.692
349.063
349.434
349.804
350.175
350.546
350.916
351.287
351.658
352.028
352.399
352.77
353.14
353.511
353.882
354.252
354.623
354.994
355.364
355.735
356.106
356.476
356.847
357.218
357.588
357.959
358.33
358.7
359.071
359.442
359.812
360.183
360.492
360.801
361.11
361.419
361.727
362.036
362.345
362.654
362.963
363.272
363.581
363.89
364.199
364.508
364.816
365.118
365.421
365.723
366.025
366.327
366.629
366.931
367.233
367.535
367.837
368.139
368.441
368.743
369.045
369.347
369.656
369.965
370.274
370.583
370.891
371.2
371.509
371.818
372.127
372.436
372.745
373.054
373.363
373.672
373.98
374.289
374.598
374.907
375.216
375.525
375.834
376.143
376.452
376.761
377.069
377.378
377.687
377.996
378.305
378.314
378.623
378.931
378.931
378.931
378.931
378.931
378.931
378.931
378.931
378.931
378.931
378.931
378.931
378.931
378.931
378.931
378.931
378.931
378.931
378.931
378.931
378.931
378.931
378.931
378.931
378.931
378.931
379.042
379.042
379.042
379.042
379.042
379.042
379.042
379.042
379.042
379.042
379.042
379.042
379.042
379.042
379.042
379.042
379.042
379.042
379.042
379.042
379.042
379.042
379.042
379.042
379.042
379.042
379.042
379.042
379.042
379.042
379.042
379.042
379.042
379.042
379.042
379.042
379.042
379.042
379.042
379.042
379.042
379.042
379.042
379.042
379.042
379.042
379.042
379.042
379.042
379.042
379.042
379.042
379.042
379.042
379.068
379.096
379.123
379.15
379.178
379.205
379.233
379.26
379.288
379.315
379.342
379.37
379.397
379.425
379.452
379.479
379.507
379.534
379.562
379.589
379.616
379.644
379.671
379.699
379.726
379.753
379.767
379.781
379.794
379.808
379.822
379.836
379.849
379.863
379.877
379.89
379.904
379.918
379.932
379.945
379.959
379.986
380.014
380.041
380.069
380.096
380.123
380.151
380.178
380.206
380.233
380.26
380.288
380.315
380.343
380.37
380.397
380.425
380.452
380.48
380.507
380.534
380.562
380.589
380.617
380.644
380.671
380.699
380.749
381.058
381.367
381.676
381.985
382.294
382.603
382.912
383.22
383.529
383.838
384.147
384.456
384.765
385.074
385.383
385.692
386.001
386.309
386.618
386.927
387.236
387.545
387.854
388.163
388.472
388.781
389.09
389.398
389.707
390.016
390.325
390.634
390.943
391.252
391.561
391.87
392.179
392.487
392.796
393.105
393.414
393.723
394.032
394.334
394.636
394.938
395.24
395.542
395.844
396.146
396.448
396.75
397.052
397.354
397.656
397.958
398.26
398.569
398.878
399.187
399.496
399.805
400.114
400.423
400.732
401.04
401.349
401.658
401.967
402.276
402.585
402.894
403.093
403.292
403.491
403.781
403.98
404.179
404.378
404.577
404.775
404.974
405.173
405.372
405.57
405.769
405.968
406.167
406.365
406.564
406.763
406.968
407.174
407.38
407.585
407.791
407.996
408.202
408.408
408.613
408.819
409.024
409.23
409.436
409.641
409.847
410.052
410.258
410.464
410.669
410.875
411.08
411.286
411.492
411.697
411.903
412.108
412.314
412.52
412.725
412.931
413.13
413.328
413.527
413.726
413.925
414.123
414.322
414.521
414.72
414.918
415.117
415.316
415.515
415.713
415.912
416.118
416.323
416.529
416.735
416.94
417.146
417.351
417.557
417.763
417.968
418.18
418.482
418.784
419.086
419.389
419.691
419.993
420.295
420.597
420.899
